px	py	v	yaw_angle	yaw_rate	px_measured	py_measured	px_true	py_true	vx_true	vy_true	NIS
0.0001	0.0001	0	0	0	0	0	0	0	0	0	6.94831e-310
0.346278	-0.346254	0	0	0	0	0	0	0	0	0	2.0624
1.52364	-0.123017	0.752005	1.38778e-17	-2.77556e-17	1.55945	-0.138501	2.09897	0.0522228	2.19595	0.109339	1.78766
1.62553	0.0174466	1.90316	-0.090756	-0.0549493	1.81209	0.0474826	2.09897	0.0522228	2.19595	0.109339	6.63661
3.87626	-0.133047	2.22967	-0.0796403	-0.0228315	3.89093	-0.134166	4.29136	0.215312	2.28434	0.226323	1.01047
3.94888	0.0725786	2.63357	0.291607	0.162021	4.19528	0.218461	4.29136	0.215312	2.28434	0.226323	4.36385
6.83591	0.410447	3.29739	0.109287	0.0142067	6.86352	0.416817	6.56942	0.496096	2.36382	0.348847	1.24123
6.74444	0.434781	2.79922	0.15174	0.0537058	6.43926	0.472879	6.56942	0.496096	2.36382	0.348847	2.11084
9.07324	0.595522	2.86033	0.00936606	-0.0762996	9.07733	0.593211	8.92437	0.89924	2.43359	0.474526	0.060845
9.03679	0.663441	2.70925	0.0555981	-0.0497036	8.89749	0.886982	8.92437	0.89924	2.43359	0.474526	1.22998
11.5631	1.65504	2.92355	0.604289	0.328581	11.5756	1.6669	11.3468	1.427	2.49328	0.600781	0.675484
11.5391	1.61914	2.90888	0.580916	0.31318	11.4447	1.42958	11.3468	1.427	2.49328	0.600781	0.497868
13.6037	2.33267	2.30915	0.361663	-0.022116	13.5921	2.31191	13.827	2.07905	2.5429	0.724947	0.835928
13.6308	2.30863	2.558	0.311435	-0.0989983	13.6572	1.99915	13.827	2.07905	2.5429	0.724947	1.0425
16.6006	2.89906	3.31197	-0.00891575	-0.239734	16.6456	2.903	16.3554	2.85243	2.58284	0.844365	1.96742
16.5327	2.88218	3.03782	-0.0347594	-0.290738	16.282	2.84648	16.3554	2.85243	2.58284	0.844365	1.11988
19.0129	3.69358	2.85814	0.368372	0.147583	19.0106	3.70555	18.923	3.74161	2.61382	0.95648	0.705127
19.0786	3.7176	2.74951	0.418355	0.199995	19.363	3.87122	18.923	3.74161	2.61382	0.95648	1.38755
21.3225	4.73162	2.87486	0.44523	0.0880616	21.3312	4.73205	21.5215	4.73855	2.63679	1.05891	0.104535
21.3815	4.74148	2.9866	0.424807	0.0637092	21.6213	4.74762	21.5215	4.73855	2.63679	1.05891	0.799758
24.0601	5.56787	3.24416	0.190224	-0.126816	24.0787	5.56967	24.1437	5.83295	2.65286	1.14953	0.400999
24.1622	5.59916	3.27219	0.172389	-0.14074	24.5601	5.92334	24.1437	5.83295	2.65286	1.14953	3.00221
26.6093	6.95218	3.20609	0.615618	0.230876	26.6052	6.96102	26.7833	7.01246	2.6632	1.22647	0.472532
26.5963	6.94536	3.28298	0.593474	0.197076	26.5419	6.90075	26.7833	7.01246	2.6632	1.22647	0.077109
29.5624	8.08374	3.51775	0.249968	-0.155067	29.5864	8.08789	29.4352	8.26299	2.66893	1.28822	0.837356
29.5426	8.07531	3.27244	0.238375	-0.169535	29.4716	8.24519	29.4352	8.26299	2.66893	1.28822	0.312669
31.9455	9.86844	3.24899	0.81499	0.30942	31.9416	9.88017	32.0955	9.56901	2.67105	1.33358	0.767821
31.9014	9.8452	3.28349	0.786829	0.270702	31.7928	9.49891	32.0955	9.56901	2.67105	1.33358	0.681944
34.6139	10.721	2.61317	0.218136	-0.272255	34.6157	10.6988	34.7608	10.9139	2.67035	1.3617	1.58343
34.7181	10.7733	2.99347	0.225021	-0.239944	35.0599	10.9953	34.7608	10.9139	2.67035	1.3617	2.77633
37.1387	12.077	3.0341	0.596416	0.152968	37.1404	12.0883	37.4287	12.2803	2.66736	1.37209	0.528195
37.2173	12.1004	3.23476	0.575009	0.11189	37.4973	12.2943	37.4287	12.2803	2.66736	1.37209	1.56353
40.2959	13.4559	3.74331	0.263758	-0.164482	40.3285	13.4666	40.0971	13.6505	2.66232	1.36459	1.2265
40.2241	13.4272	3.2876	0.237788	-0.207909	39.9009	13.6243	40.0971	13.6505	2.66232	1.36459	1.57277
42.7677	14.8204	3.27274	0.583676	0.14825	42.7664	14.8294	42.7638	15.0065	2.65515	1.33938	0.425345
42.7438	14.8132	3.32689	0.569074	0.127619	42.5714	14.9817	42.7638	15.0065	2.65515	1.33938	0.194243
45.3423	16.5458	3.59821	0.575956	0.0481487	45.3572	16.5524	45.4265	16.3307	2.64546	1.29701	0.268978
45.3842	16.5608	3.42995	0.599065	0.108192	45.649	16.5213	45.4265	16.3307	2.64546	1.29701	0.88486
48.1531	17.293	3.21181	0.153301	-0.245586	48.1541	17.2835	48.0823	17.6063	2.6326	1.23832	0.485367
48.1265	17.2815	3.02271	0.130288	-0.286174	47.9331	17.5349	48.0823	17.6063	2.6326	1.23832	0.277465
50.6182	19.0535	2.96884	0.864321	0.372376	50.6228	19.0721	50.7276	18.8172	2.61569	1.16454	1.54521
50.6014	19.032	3.18757	0.762941	0.221983	50.5737	18.7834	50.7276	18.8172	2.61569	1.16454	0.421161
53.703	19.9046	3.05944	0.0454177	-0.395709	53.7268	19.8982	53.3577	19.9486	2.59372	1.07716	1.87683
53.6702	19.8916	3.00316	0.0460854	-0.402323	53.5277	19.862	53.3577	19.9486	2.59372	1.07716	0.29191
56.0444	21.0737	2.60762	0.501325	0.151742	56.0322	21.0923	55.9669	20.9874	2.56561	0.978022	1.45551
56.018	21.0553	2.7512	0.455351	0.100844	55.867	20.985	55.9669	20.9874	2.56561	0.978022	0.473341
58.6452	21.7828	3.00314	0.136394	-0.171361	58.6632	21.7821	58.5484	21.9225	2.53033	0.869205	0.516615
58.6465	21.7852	3.0244	0.140696	-0.165372	58.5799	21.9815	58.5484	21.9225	2.53033	0.869205	0.0141801
60.8798	22.78	2.81363	0.466307	0.147519	60.8722	22.7876	61.0941	22.7449	2.48697	0.753031	0.416394
60.8526	22.7685	2.81446	0.456692	0.139121	60.7648	22.6398	61.0941	22.7449	2.48697	0.753031	0.224979
63.3712	23.4108	2.92459	0.14536	-0.149577	63.3821	23.4069	63.5955	23.4479	2.43482	0.631987	0.345042
63.4538	23.4374	2.78577	0.0998529	-0.206896	63.7478	23.7442	63.5955	23.4479	2.43482	0.631987	2.09313
66.3116	23.9862	3.25823	0.280155	0.0436725	66.3403	23.9959	66.0431	24.0276	2.37349	0.508655	0.990141
66.2129	23.9568	2.60503	0.268459	0.00573895	65.8838	23.9541	66.0431	24.0276	2.37349	0.508655	2.72521
68.2642	24.3605	2.56145	0.193225	-0.0455972	68.262	24.3582	68.4273	24.4824	2.30293	0.385623	0.0171113
68.3507	24.3921	2.65716	0.203562	-0.0360177	68.6759	24.6059	68.4273	24.4824	2.30293	0.385623	1.98387
70.814	24.8797	2.90869	0.231788	0.00513881	70.8275	24.8844	70.7384	24.8137	2.22347	0.265395	0.222102
70.7774	24.8648	2.49828	0.206988	-0.0404793	70.7403	24.6728	70.7384	24.8137	2.22347	0.265395	0.648763
72.8925	24.7202	2.50409	-0.160983	-0.24604	72.8923	24.7135	72.9675	25.025	2.13584	0.150292	0.143397
72.9415	24.737	2.52218	-0.160273	-0.252944	73.0732	25.0343	72.9675	25.025	2.13584	0.150292	0.676706
75.0043	25.2433	2.16386	0.306787	0.195383	75.0021	25.2595	75.1062	25.1224	2.04114	0.0423626	0.893077
74.9923	25.2393	2.14092	0.303211	0.192946	74.9748	25.1377	75.1062	25.1224	2.04114	0.0423626	0.0363644
77.1124	24.9468	2.24122	-0.358158	-0.343028	77.1225	24.9297	77.1475	25.1137	1.9408	-0.0566978	0.967572
77.1362	24.9527	2.22077	-0.378976	-0.373475	77.1386	25.2948	77.1475	25.1137	1.9408	-0.0566978	0.183358
79.0982	25.014	1.88071	0.0732037	0.151243	79.1089	25.0369	79.0861	25.0086	1.83649	-0.145607	1.43146
79.1092	25.0171	1.89581	0.0789433	0.156071	79.1718	24.9698	79.0861	25.0086	1.83649	-0.145607	0.0297021
80.8027	24.8746	2.00842	-0.0378293	-0.0138013	80.8074	24.8688	80.9183	24.8178	1.73008	-0.223536	0.114368
80.8482	24.8805	1.8248	-0.094707	-0.110756	81.1423	24.8704	80.9183	24.8178	1.73008	-0.223536	1.25197
82.601	24.6367	2.16679	-0.103062	-0.0447745	82.6216	24.6393	82.6423	24.5525	1.6235	-0.29012	0.285096
82.5687	24.623	1.91179	-0.196644	-0.204181	82.5085	24.8114	82.6423	24.5525	1.6235	-0.29012	0.506378
84.1651	24.5418	1.92294	-0.0102167	0.0334426	84.1733	24.5504	84.2584	24.2245	1.51869	-0.345444	0.23985
84.1597	24.5441	1.78854	-0.0366211	-0.0243164	84.2898	24.3312	84.2584	24.2245	1.51869	-0.345444	0.206834
85.6395	23.8201	1.85451	-0.544215	-0.317416	85.6378	23.808	85.7688	23.8451	1.41749	-0.390006	0.308962
85.6967	23.8375	1.93554	-0.509658	-0.282206	85.9743	23.7547	85.7688	23.8451	1.41749	-0.390006	0.844837
86.956	23.5041	1.31149	-0.319045	-0.00578257	86.9449	23.527	87.1776	23.4252	1.32159	-0.424654	0.845543
87.07	23.5387	1.40509	-0.259034	0.0242113	87.6171	23.5127	87.1776	23.4252	1.32159	-0.424654	3.69885
88.7742	22.7945	2.31203	-0.40301	-0.0747925	88.8227	22.7869	88.4904	22.9745	1.23248	-0.450514	1.52084
88.6949	22.758	2.10777	-0.615528	-0.350903	88.4191	22.9498	88.4904	22.9745	1.23248	-0.450514	1.27285
89.5419	22.2687	0.874136	-0.699503	-0.22423	89.4967	22.3082	89.7145	22.5017	1.15138	-0.468904	2.4986
89.624	22.2756	1.07592	-0.560947	-0.00922044	89.7821	22.4826	89.7145	22.5017	1.15138	-0.468904	1.30088
90.4986	21.6679	1.30002	-0.493374	0.0404725	90.5133	21.6677	90.858	22.0141	1.07929	-0.481241	0.114292
90.5768	21.6875	1.3852	-0.412876	0.091058	90.8419	22.0974	90.858	22.0141	1.07929	-0.481241	1.72095
91.7086	21.1162	1.54739	-0.319724	0.0943833	91.7178	21.1152	91.9302	21.5174	1.01698	-0.488964	0.0480308
91.7456	21.124	1.42223	-0.426687	-0.110859	92.0492	21.5289	91.9302	21.5174	1.01698	-0.488964	2.36658
92.8524	20.94	1.3357	-0.0827458	0.159234	92.8599	20.9537	92.9411	21.016	0.964993	-0.493443	0.321398
92.9042	20.9676	1.17716	-0.064262	0.107402	93.3186	21.0712	92.9411	21.016	0.964993	-0.493443	2.72131
93.5019	20.2488	0.724264	-0.798653	-0.389046	93.4668	20.2155	93.9011	20.513	0.92369	-0.495919	1.54534
93.5814	20.2931	1.03093	-0.559757	-0.0974712	93.7423	20.5071	93.9011	20.513	0.92369	-0.495919	1.67659
95.2349	19.6535	2.33212	0.0819094	0.35474	95.3229	19.6585	94.8209	20.01	0.893308	-0.497439	4.32609
95.0146	19.6563	1.47774	-0.115668	0.133542	94.494	19.8854	94.8209	20.01	0.893308	-0.497439	9.01401
95.5392	19.6977	0.838636	0.0988058	0.179175	95.5039	19.6984	95.7116	19.5078	0.87398	-0.498816	0.956572
95.5479	19.6991	0.850246	0.101816	0.180993	95.6097	19.5804	95.7116	19.5078	0.87398	-0.498816	0.0204391
96.263	19.207	0.806467	-0.751628	-0.414963	96.2641	19.1597	96.5842	19.0065	0.865773	-0.500589	1.35341
96.3142	19.2386	1.00485	-0.577631	-0.234594	96.559	18.8688	96.5842	19.0065	0.865773	-0.500589	0.756564
97.4737	18.7216	1.71311	-0.188019	0.130168	97.5286	18.727	97.45	18.506	0.868716	-0.503009	1.65399
97.4068	18.7194	1.42498	-0.35393	-0.102035	97.5333	18.1735	97.45	18.506	0.868716	-0.503009	1.21259
98.223	18.368	1.1587	-0.340843	-0.041114	98.2105	18.3739	98.3198	18.0049	0.882805	-0.506023	0.130184
98.2332	18.3721	1.07536	-0.377778	-0.115019	98.4162	18.1556	98.3198	18.0049	0.882805	-0.506023	0.364804
99.0315	17.3803	1.4283	-1.09077	-0.456817	99.0363	17.357	99.2049	17.503	0.908006	-0.509278	0.606674
99.0465	17.4196	1.42814	-0.748049	-0.0354346	98.9782	17.2949	99.2049	17.503	0.908006	-0.509278	0.861462
99.9875	16.9618	1.07708	-0.406534	0.184561	99.9969	16.9882	100.117	17.0001	0.944242	-0.512134	0.625714
100.06	16.9777	1.08264	-0.365483	0.184424	100.441	16.9521	100.117	17.0001	0.944242	-0.512134	1.84163
101.178	16.5381	1.52443	-0.177306	0.1854	101.204	16.5368	101.065	16.497	0.991362	-0.513687	0.379081
101.139	16.5288	1.28342	-0.294404	0.0363802	101.169	16.4353	101.065	16.497	0.991362	-0.513687	0.548553
102.363	16.3913	1.59576	0.0968915	0.239843	102.387	16.3992	102.063	15.9949	1.04911	-0.512803	0.412737
102.267	16.3844	1.22504	0.0643292	0.206011	102.081	15.8359	102.063	15.9949	1.04911	-0.512803	1.76549
103.024	15.4015	0.86103	-1.11322	-0.593005	103.003	15.353	103.119	15.4967	1.11708	-0.508169	2.66571
102.981	15.4673	1.13154	-0.605837	0.0230524	102.776	15.1195	103.119	15.4967	1.11708	-0.508169	3.34735
104.082	15.2445	1.29004	0.0684602	0.410332	104.114	15.2708	104.244	15.0064	1.19469	-0.498349	1.02378
104.039	15.2362	1.26655	0.0273533	0.385925	103.905	14.7607	104.244	15.0064	1.19469	-0.498349	0.562433
105.519	14.4746	1.68779	-0.822409	-0.335961	105.541	14.4412	105.447	14.5293	1.28111	-0.481861	1.9804
105.472	14.4855	1.73531	-0.695141	-0.181343	105.316	14.0026	105.447	14.5293	1.28111	-0.481861	0.780504
106.814	14.026	1.46711	-0.266126	0.19718	106.831	14.0482	106.737	14.0724	1.37529	-0.457255	0.970296
106.767	14.0095	1.52064	-0.274954	0.229405	106.439	14.2401	106.737	14.0724	1.37529	-0.457255	1.2217
108.075	13.6612	1.66818	-0.0734132	0.212071	108.084	13.6604	108.122	13.644	1.47592	-0.423202	0.0446119
108.083	13.6623	1.65209	-0.0751213	0.205931	108.131	13.6844	108.122	13.644	1.47592	-0.423202	0.0366549
109.527	13.572	1.78652	0.0739438	0.171733	109.534	13.5714	109.606	13.2536	1.58144	-0.378583	0.0460648
109.484	13.5662	1.62068	0.0587479	0.157815	109.388	13.1556	109.606	13.2536	1.58144	-0.378583	0.406429
111.054	12.61	1.77645	-0.919714	-0.520377	111.063	12.5814	111.196	12.9118	1.69008	-0.322574	1.57628
111.139	12.6652	2.12752	-0.599048	-0.0907392	111.426	12.9557	111.196	12.9118	1.69008	-0.322574	2.51852
112.899	12.4627	1.70948	0.00366184	0.343609	112.913	12.4877	112.893	12.6299	1.7999	-0.254723	1.38329
112.9	12.4539	1.80187	0.00238313	0.348994	112.797	12.8241	112.893	12.6299	1.7999	-0.254723	0.142386
114.779	12.5493	2.19616	0.208835	0.257075	114.801	12.5506	114.699	12.4195	1.90891	-0.175007	0.442297
114.791	12.5523	2.02374	0.205706	0.266081	114.916	12.3187	114.699	12.4195	1.90891	-0.175007	0.261072
116.676	12.1195	2.06975	-0.377244	-0.247217	116.687	12.1035	116.611	12.2921	2.01507	-0.0838683	0.909287
116.717	12.1355	2.32538	-0.28982	-0.128464	116.871	12.0659	116.611	12.2921	2.01507	-0.0838683	0.536689
118.929	11.994	2.57652	0.0787292	0.186991	118.953	12.0009	118.628	12.2586	2.11648	0.0177712	0.664841
118.905	12.0005	2.35806	0.0913817	0.194749	118.85	12.4063	118.628	12.2586	2.11648	0.0177712	0.280128
120.7	12.2931	2.27728	0.268662	0.183967	120.695	12.2918	120.743	12.3289	2.21139	0.128528	0.0236291
120.743	12.2971	2.31384	0.266597	0.18219	120.934	12.1905	120.743	12.3289	2.21139	0.128528	0.44719
123.519	12.8244	3.13164	0.0305738	-0.0848593	123.568	12.8297	122.95	12.5114	2.29835	0.246599	2.31212
123.432	12.807	2.65338	-0.00940385	-0.136201	123.142	12.7694	122.95	12.5114	2.29835	0.246599	1.91461
124.918	12.7724	2.19813	-0.099315	-0.108351	124.894	12.7743	125.242	12.8125	2.37624	0.369827	0.754385
125.02	12.7864	2.63015	-0.0631134	-0.0493074	125.376	12.9964	125.242	12.8125	2.37624	0.369827	2.43492
127.821	13.3175	3.11578	0.443845	0.302204	127.853	13.3273	127.609	13.2365	2.44434	0.495787	1.34931
127.753	13.316	2.93038	0.473901	0.357726	127.506	13.153	127.609	13.2365	2.44434	0.495787	1.04729
129.958	13.7158	2.41145	0.236985	-0.0152095	129.947	13.6963	130.042	13.7853	2.50232	0.621879	0.889523
130.033	13.7236	2.52095	0.215323	-0.0336862	130.334	13.781	130.042	13.7853	2.50232	0.621879	1.31147
132.09	14.5028	2.59857	0.378351	0.0910149	132.092	14.507	132.53	14.458	2.55028	0.74543	0.0629639
132.159	14.5076	2.77879	0.347763	0.0474217	132.447	14.3423	132.53	14.458	2.55028	0.74543	1.08004
135.037	15.0449	3.32959	0.00160114	-0.203585	135.074	15.0475	135.066	15.2513	2.58865	0.863795	1.24188
135.031	15.0329	2.9358	-0.0564489	-0.283184	135.127	14.6575	135.066	15.2513	2.58865	0.863795	0.659684
137.56	16.1977	2.82745	0.621163	0.327342	137.561	16.2147	137.639	16.1592	2.61821	0.974442	1.276
137.59	16.1876	3.16246	0.512442	0.157818	137.653	16.5145	137.639	16.1592	2.61821	0.974442	0.514851
140.319	17.0127	3.14791	0.202825	-0.147844	140.331	17.008	140.242	17.1733	2.63994	1.07503	0.466452
140.322	17.0103	3.07025	0.205875	-0.138619	140.305	17.5379	140.242	17.1733	2.63994	1.07503	0.0842679
142.886	17.9862	3.15718	0.383759	0.0642297	142.888	17.9918	142.868	18.2829	2.65497	1.16346	0.152093
142.839	17.9811	3.09821	0.391357	0.0745117	142.626	18.1458	142.868	18.2829	2.65497	1.16346	0.513681
145.382	19.159	3.28264	0.418173	0.0430946	145.392	19.1617	145.51	19.4754	2.66445	1.23795	0.104278
145.458	19.1701	3.24443	0.426632	0.0787947	145.789	19.3785	145.51	19.4754	2.66445	1.23795	1.73891
148.232	20.4701	3.57029	0.402174	0.0107682	148.251	20.4754	148.163	20.7364	2.66951	1.29702	0.332691
148.21	20.4701	3.23972	0.480234	0.155061	148.146	20.9376	148.163	20.7364	2.66951	1.29702	0.522028
150.675	22.1091	3.45908	0.624421	0.146552	150.686	22.1142	150.825	22.0502	2.67111	1.33953	0.127848
150.664	22.1065	3.48203	0.611541	0.119473	150.649	21.8148	150.825	22.0502	2.67111	1.33953	0.0534712
153.413	23.4934	3.43965	0.400641	-0.092126	153.422	23.4909	153.491	23.3999	2.66999	1.3647	0.245864
153.39	23.4847	3.21892	0.467034	0.0231667	153.466	22.9115	153.491	23.3999	2.66999	1.3647	0.343224
156.035	24.8052	3.41388	0.416966	-0.0244483	156.047	24.8084	156.159	24.7682	2.66666	1.37208	0.132744
156.022	24.8061	3.0792	0.483616	0.101682	156.009	25.0678	156.159	24.7682	2.66666	1.37208	0.47388
158.876	26.023	3.54514	0.308648	-0.0782945	158.905	26.0308	158.827	26.1372	2.66127	1.36157	0.83135
158.895	26.0241	3.32679	0.327485	-0.0286358	159.014	26.1903	158.827	26.1372	2.66127	1.36157	0.492893
161.412	27.4219	3.37861	0.538924	0.124191	161.412	27.4256	161.493	27.4891	2.65371	1.33344	0.0816633
161.441	27.4321	3.20393	0.587345	0.212895	161.529	27.8454	161.493	27.4891	2.65371	1.33344	0.455512
163.629	28.7758	2.98028	0.564787	0.0632316	163.625	28.7683	164.155	28.8064	2.64354	1.28825	0.140784
163.74	28.7938	3.11903	0.527293	0.025105	164.116	29.315	164.155	28.8064	2.64354	1.28825	2.96416
166.783	30.1921	3.88103	0.297826	-0.142395	166.828	30.2062	166.809	30.0721	2.63006	1.22694	1.67873
166.724	30.1738	3.30912	0.37458	-0.00202343	166.748	29.7121	166.809	30.0721	2.63006	1.22694	1.78753
169.102	31.3715	3.24461	0.475515	0.0639753	169.097	31.3717	169.452	31.2706	2.61238	1.15075	0.0373886
169.121	31.3765	3.12316	0.497517	0.1065	169.345	30.7063	169.452	31.2706	2.61238	1.15075	0.201224
172.143	32.3341	3.57133	0.148772	-0.188263	172.175	32.3404	172.079	32.3873	2.58945	1.06126	1.09551
172.136	32.3214	3.16091	0.115859	-0.226788	172.135	32.6666	172.079	32.3873	2.58945	1.06126	0.749494
174.646	33.4522	3.11062	0.5061	0.167577	174.643	33.4625	174.685	33.4095	2.56021	0.960341	0.530985
174.628	33.4527	2.96804	0.534849	0.212636	174.474	33.9157	174.685	33.4095	2.56021	0.960341	0.115861
177.026	34.2091	2.82228	0.257075	-0.10371	177.03	34.2009	177.261	34.3262	2.52363	0.850119	0.389108
177.041	34.2079	2.70779	0.249569	-0.102171	177.211	33.8467	177.261	34.3262	2.52363	0.850119	0.20059
180.111	35.1341	3.36491	0.283029	-0.0160525	180.145	35.1423	179.799	35.1289	2.47883	0.732949	1.56574
180.004	35.1173	2.82134	0.328664	0.0484235	179.543	35.4767	179.799	35.1289	2.47883	0.732949	2.83581
182.587	35.7529	3.03207	0.168165	-0.0838126	182.599	35.753	182.292	35.8114	2.42515	0.611338	0.238753
182.498	35.7338	2.68314	0.168697	-0.0887972	182.047	36.2626	182.292	35.8114	2.42515	0.611338	1.91165
184.729	36.509	2.75197	0.397692	0.111965	184.732	36.5155	184.73	36.37	2.36226	0.487877	0.151857
184.728	36.5137	2.48633	0.437312	0.171	184.833	36.1451	184.73	36.37	2.36226	0.487877	0.218591
186.934	36.9461	2.56318	0.0873905	-0.158483	186.946	36.9404	187.103	36.804	2.29017	0.365145	0.43237
186.999	36.9574	2.58196	0.0635799	-0.17733	187.296	36.9375	187.103	36.804	2.29017	0.365145	1.12913
189.451	37.398	2.81627	0.236866	0.0448154	189.465	37.4052	189.401	37.1147	2.20928	0.245623	0.373312
189.478	37.4072	2.47607	0.273347	0.0806472	189.738	36.951	189.401	37.1147	2.20928	0.245623	0.740258
191.727	37.5685	2.5901	-0.0222116	-0.156247	191.735	37.5631	191.615	37.3064	2.12037	0.131591	0.235075
191.698	37.5579	2.36858	-0.0531699	-0.203618	191.682	37.1147	191.615	37.3064	2.12037	0.131591	0.283554
193.478	37.2778	2.22825	-0.221873	-0.182866	193.471	37.2789	193.738	37.3853	2.02462	0.0250452	0.0502197
193.499	37.2824	2.26843	-0.211105	-0.169219	193.555	37.4234	193.738	37.3853	2.02462	0.0250452	0.0982933
195.946	37.3917	2.84631	0.247909	0.228819	195.991	37.3991	195.762	37.3598	1.92349	-0.072386	1.72286
195.827	37.3979	2.22621	0.297283	0.298671	195.507	37.4891	195.762	37.3598	1.92349	-0.072386	3.22985
197.719	37.7354	2.27656	0.203687	0.054168	197.725	37.7285	197.683	37.2395	1.81869	-0.159495	0.205521
197.672	37.7251	2.05534	0.196241	0.0497779	197.582	37.303	197.683	37.2395	1.81869	-0.159495	0.527349
199.298	37.302	1.89742	-0.382206	-0.338838	199.294	37.2862	199.497	37.0353	1.71212	-0.235529	0.578225
199.312	37.3074	1.95786	-0.363512	-0.311194	199.356	37.3527	199.497	37.0353	1.71212	-0.235529	0.05072
201.497	36.9945	2.60216	0.0150977	0.131417	201.549	36.9973	201.203	36.7587	1.6057	-0.300201	2.09132
201.353	36.9951	2.02589	-0.0870965	-0.0269274	200.932	37.4694	201.203	36.7587	1.6057	-0.300201	3.88603
202.963	36.462	2.05063	-0.34874	-0.170267	202.962	36.4568	202.801	36.4212	1.50137	-0.353671	0.070207
202.918	36.4449	1.80067	-0.446733	-0.320398	202.65	37.2445	202.801	36.4212	1.50137	-0.353671	0.556133
204.008	36.1759	1.20277	-0.328556	-0.0612214	203.991	36.1967	204.294	36.0343	1.40095	-0.396497	0.725444
204.018	36.1583	1.48364	-0.24757	0.0992993	203.809	36.2941	204.294	36.0343	1.40095	-0.396497	1.26229
